    872 0
    349 1
    119 2
    736 8
    139 9
      2 15
    197 16
    259 17
    133 20
      1 21
      1 32
     23 33
      1 34
     36 35
     11 36
      2 37
      1 43
     60 46
     18 47
     82 64
      1 65
    247 69
    186 70
    210 72
    149 73
     66 74
      5 75
      3 78
    101 79
    131 80
    148 82
     18 83
    412 85
      6 86
     22 128
     10 129
    241 144
     56 145
     74 146
     12 147
     26 148
      6 149
      2 151
     16 152
     25 160
    101 161
     51 162
    194 165
     48 166
    145 167
     19 168
     20 169
     93 170
    261 171
      2 172
      1 177
      2 178
      3 181
     57 182
     50 184
      2 185
     37 190
      1 191
     65 208
